0.000000 -0.002842
0.025685 -0.006343
0.051370 -0.003804
0.077055 -0.001057
0.102740 -0.001794
0.128425 0.000030
0.154110 0.003160
0.179795 0.004961
0.205479 0.005028
0.231164 0.004297
0.256849 0.002670
0.282534 0.003908
0.308219 0.011850
0.333904 0.022910
0.359589 0.032017
0.385274 0.019593
0.410959 0.005194
0.436644 -0.007736
0.462329 -0.011581
0.488014 -0.010297
0.513699 -0.011034
0.539384 -0.010893
0.565068 -0.016572
0.590753 -0.015767
0.616438 -0.014044
0.642123 -0.002291
0.667808 0.001041
0.693493 0.001413
0.719178 0.001081
0.744863 -0.000056
0.770548 -0.000231
0.796233 0.000000
