0.000000 -0.001284
0.028846 -0.004399
0.057692 -0.005570
0.086538 -0.006673
0.115385 -0.003864
0.144231 -0.003425
0.173077 -0.000981
0.201923 0.001308
0.230769 0.002338
0.259615 0.002315
0.288462 0.003626
0.317308 0.004027
0.346154 0.003295
0.375000 0.002128
0.403846 0.000216
0.432692 0.001457
0.461538 0.012006
0.490385 0.029471
0.519231 0.026993
0.548077 0.005893
0.576923 -0.008251
0.605769 -0.009409
0.634615 -0.008219
0.663462 -0.007064
0.692308 -0.010430
0.721154 -0.012979
0.750000 -0.012325
0.778846 -0.004437
0.807692 0.000984
0.836538 0.000578
0.865385 0.001176
0.894231 0.000000
