0.000000 -0.001010
0.025000 -0.002335
0.050000 -0.003551
0.075000 -0.003973
0.100000 -0.002295
0.125000 0.000853
0.150000 0.002298
0.175000 0.003971
0.200000 0.005672
0.225000 0.004620
0.250000 0.002263
0.275000 0.003175
0.300000 0.006887
0.325000 0.018771
0.350000 0.031832
0.375000 0.028315
0.400000 0.009761
0.425000 -0.005309
0.450000 -0.012892
0.475000 -0.012311
0.500000 -0.009350
0.525000 -0.009726
0.550000 -0.014234
0.575000 -0.018426
0.600000 -0.015495
0.625000 -0.006194
0.650000 -0.000210
0.675000 0.001595
0.700000 0.000783
0.725000 0.001345
0.750000 -0.000032
0.775000 0.000000
