0.000000 0.000554
0.028846 -0.001645
0.057692 0.001337
0.086538 0.018681
0.115385 0.033819
0.144231 0.020955
0.173077 -0.000649
0.201923 -0.010033
0.230769 -0.010399
0.259615 -0.006646
0.288462 -0.006225
0.317308 -0.010663
0.346154 -0.014580
0.375000 -0.012066
0.403846 -0.002781
0.432692 0.001951
0.461538 0.001786
0.490385 0.002138
0.519231 0.001042
0.548077 -0.001094
0.576923 -0.003539
0.605769 -0.006212
0.634615 -0.006614
0.663462 -0.004319
0.692308 -0.002041
0.721154 -0.000733
0.750000 0.001627
0.778846 0.003109
0.807692 0.003076
0.836538 0.002888
0.865385 0.004688
0.894231 0.000000
