0.000000 -0.005417
0.032895 -0.001885
0.065789 -0.002300
0.098684 -0.003114
0.131579 -0.002283
0.164474 -0.002714
0.197368 -0.002280
0.230263 -0.001442
0.263158 -0.000296
0.296053 0.001048
0.328947 0.001747
0.361842 0.003249
0.394737 0.004964
0.427632 0.005785
0.460526 0.004599
0.493421 0.001423
0.526316 0.003087
0.559211 0.018839
0.592105 0.052406
0.625000 0.054090
0.657895 0.007978
0.690789 -0.020529
0.723684 -0.021814
0.756579 -0.015760
0.789474 -0.016627
0.822368 -0.024967
0.855263 -0.022692
0.888158 -0.001927
0.921053 0.005324
0.953947 0.001602
0.986842 -0.006770
1.019737 0.000000
