0.000000 -0.004238
0.036058 -0.001558
0.072115 -0.002070
0.108173 -0.002508
0.144231 -0.002419
0.180288 -0.001889
0.216346 -0.001853
0.252404 -0.001634
0.288462 -0.000971
0.324519 0.000032
0.360577 0.001794
0.396635 0.003575
0.432692 0.005688
0.468750 0.006651
0.504808 0.005345
0.540865 0.002540
0.576923 0.005099
0.612981 0.020200
0.649038 0.051536
0.685096 0.043388
0.721154 0.001647
0.757212 -0.020130
0.793269 -0.019985
0.829327 -0.015288
0.865385 -0.016180
0.901442 -0.022560
0.937500 -0.016941
0.973558 -0.000803
1.009615 0.003908
1.045673 0.000266
1.081731 -0.006995
1.117788 0.000000
