0.000000 -0.006067
0.036058 -0.004774
0.072115 -0.003710
0.108173 -0.002922
0.144231 -0.002825
0.180288 -0.002127
0.216346 -0.000593
0.252404 0.001282
0.288462 0.002831
0.324519 0.003390
0.360577 0.003435
0.396635 0.002844
0.432692 0.002596
0.468750 0.002314
0.504808 0.001521
0.540865 0.002133
0.576923 0.006029
0.612981 0.011800
0.649038 0.016466
0.685096 0.020787
0.721154 0.024934
0.757212 0.014062
0.793269 -0.002230
0.829327 -0.016445
0.865385 -0.016843
0.901442 -0.015370
0.937500 -0.013703
0.973558 -0.007649
1.009615 -0.002434
1.045673 0.000264
1.081731 -0.003853
1.117788 0.000000
