0.000000 -0.002248
0.034722 -0.002308
0.069444 -0.002753
0.104167 -0.002537
0.138889 -0.003017
0.173611 -0.002298
0.208333 -0.001549
0.243056 -0.000645
0.277778 0.001722
0.312500 0.002457
0.347222 0.003973
0.381944 0.004496
0.416667 0.006068
0.451389 0.005152
0.486111 0.002673
0.520833 0.003614
0.555556 0.011306
0.590278 0.029757
0.625000 0.044241
0.659722 0.024754
0.694444 -0.001390
0.729167 -0.015393
0.763889 -0.019347
0.798611 -0.019021
0.833333 -0.018219
0.868056 -0.017747
0.902778 -0.003790
0.937500 0.002277
0.972222 -0.000169
1.006944 -0.001573
1.041667 -0.002983
1.076389 0.000000
