0.000000 -0.003978
0.027574 0.000846
0.055147 0.012117
0.082721 0.041214
0.110294 0.058751
0.137868 0.031295
0.165441 -0.003825
0.193015 -0.020585
0.220588 -0.017528
0.248162 -0.014559
0.275735 -0.014893
0.303309 -0.016251
0.330882 -0.018941
0.358456 -0.019682
0.386029 -0.009259
0.413603 0.002678
0.441176 0.006881
0.468750 0.003331
0.496324 -0.000700
0.523897 -0.003144
0.551471 -0.003665
0.579044 -0.003084
0.606618 -0.001479
0.634191 -0.000369
0.661765 -0.001603
0.689338 -0.002918
0.716912 -0.001845
0.744485 0.000851
0.772059 0.002295
0.799632 0.002069
0.827206 0.001414
0.854779 0.000000
