0.000000 -0.005525
0.029297 -0.006849
0.058594 -0.005252
0.087891 -0.005391
0.117188 -0.003969
0.146484 -0.003207
0.175781 -0.001687
0.205078 -0.001110
0.234375 0.000013
0.263672 0.002089
0.292969 0.003425
0.322266 0.004605
0.351562 0.004561
0.380859 0.004780
0.410156 0.007410
0.439453 0.020647
0.468750 0.049988
0.498047 0.062049
0.527344 0.029402
0.556641 0.003448
0.585938 -0.006320
0.615234 -0.007208
0.644531 -0.009443
0.673828 -0.015529
0.703125 -0.024660
0.732422 -0.030284
0.761719 -0.018045
0.791016 -0.007510
0.820312 -0.007517
0.849609 -0.009126
0.878906 -0.008487
0.908203 0.000000
