0.000000 -0.005179
0.027985 -0.003842
0.055970 -0.004809
0.083955 -0.005101
0.111940 -0.004566
0.139925 -0.002820
0.167910 -0.001599
0.195896 -0.000280
0.223881 0.001719
0.251866 0.002460
0.279851 0.002531
0.307836 0.002899
0.335821 0.003161
0.363806 0.007545
0.391791 0.027168
0.419776 0.063001
0.447761 0.061739
0.475746 0.023252
0.503731 -0.003431
0.531716 -0.010258
0.559701 -0.007895
0.587687 -0.010180
0.615672 -0.015287
0.643657 -0.022482
0.671642 -0.030654
0.699627 -0.023319
0.727612 -0.008822
0.755597 -0.004221
0.783582 -0.006170
0.811567 -0.006693
0.839552 -0.005674
0.867537 0.000000
