0.000000 -0.006779
0.029762 -0.004715
0.059524 -0.004469
0.089286 -0.004256
0.119048 -0.003169
0.148810 -0.002016
0.178571 -0.000418
0.208333 0.000046
0.238095 0.000871
0.267857 0.001506
0.297619 0.003510
0.327381 0.004702
0.357143 0.005807
0.386905 0.005794
0.416667 0.010471
0.446429 0.027310
0.476190 0.052075
0.505952 0.057996
0.535714 0.022883
0.565476 -0.004456
0.595238 -0.010334
0.625000 -0.009255
0.654762 -0.011268
0.684524 -0.017131
0.714286 -0.026124
0.744048 -0.026711
0.773810 -0.014314
0.803571 -0.006663
0.833333 -0.007620
0.863095 -0.008339
0.892857 -0.007999
0.922619 0.000000
