0.000000 0.003993
0.027985 0.006259
0.055970 0.026955
0.083955 0.063098
0.111940 0.058478
0.139925 0.018537
0.167910 -0.005560
0.195896 -0.011357
0.223881 -0.008690
0.251866 -0.011262
0.279851 -0.015559
0.307836 -0.024003
0.335821 -0.029958
0.363806 -0.019954
0.391791 -0.006726
0.419776 -0.004836
0.447761 -0.006059
0.475746 -0.005790
0.503731 -0.005190
0.531716 -0.004446
0.559701 -0.004580
0.587687 -0.004602
0.615672 -0.004351
0.643657 -0.004357
0.671642 -0.002978
0.699627 -0.001053
0.727612 -0.000391
0.755597 0.000342
0.783582 0.002300
0.811567 0.003144
0.839552 0.003357
0.867537 0.000000
