0.000000 -0.004657
0.039062 -0.004656
0.078125 -0.003880
0.117188 -0.002578
0.156250 -0.001674
0.195312 -0.001792
0.234375 -0.000454
0.273438 0.001415
0.312500 0.003499
0.351562 0.004269
0.390625 0.002029
0.429688 0.001182
0.468750 0.000679
0.507812 0.002174
0.546875 0.003606
0.585938 0.003995
0.625000 0.002046
0.664062 -0.000424
0.703125 0.003383
0.742188 0.018596
0.781250 0.019502
0.820312 0.001208
0.859375 -0.009265
0.898438 -0.010778
0.937500 -0.008357
0.976562 -0.007440
1.015625 -0.010741
1.054688 -0.001784
1.093750 0.005319
1.132812 0.002519
1.171875 0.000216
1.210938 0.000000
