0.000000 -0.005316
0.036765 -0.005220
0.073529 -0.004447
0.110294 -0.002866
0.147059 -0.001164
0.183824 -0.001673
0.220588 -0.001352
0.257353 -0.000766
0.294118 0.000541
0.330882 0.001641
0.367647 0.001659
0.404412 0.001692
0.441176 0.001387
0.477941 0.002331
0.514706 0.003660
0.551471 0.005118
0.588235 0.004063
0.625000 0.002566
0.661765 0.007568
0.698529 0.020443
0.735294 0.018568
0.772059 -0.000459
0.808824 -0.009649
0.845588 -0.011990
0.882353 -0.008618
0.919118 -0.006914
0.955882 -0.010279
0.992647 -0.000806
1.029412 0.006191
1.066176 0.002179
1.102941 0.000017
1.139706 0.000000
