0.000000 0.002407
0.037500 -0.000537
0.075000 0.024683
0.112500 0.025376
0.150000 -0.003611
0.187500 -0.010101
0.225000 -0.012787
0.262500 -0.009399
0.300000 -0.006918
0.337500 -0.008780
0.375000 -0.002822
0.412500 0.004410
0.450000 0.002687
0.487500 -0.000236
0.525000 -0.002391
0.562500 -0.004775
0.600000 -0.005034
0.637500 -0.003819
0.675000 -0.002866
0.712500 -0.001746
0.750000 -0.001847
0.787500 -0.001043
0.825000 0.000055
0.862500 0.001111
0.900000 0.002228
0.937500 0.001934
0.975000 0.001312
1.012500 0.000353
1.050000 0.000839
1.087500 0.002524
1.125000 0.005460
1.162500 0.000000
