0.000000 -0.004307
0.041667 -0.005047
0.083333 -0.005153
0.125000 -0.002360
0.166667 -0.002037
0.208333 -0.001953
0.250000 0.000420
0.291667 0.002479
0.333333 0.003438
0.375000 0.002528
0.416667 0.001543
0.458333 0.000210
0.500000 0.000033
0.541667 -0.000027
0.583333 0.000557
0.625000 0.001054
0.666667 0.002316
0.708333 0.002717
0.750000 0.002208
0.791667 0.003453
0.833333 0.009637
0.875000 0.017621
0.916667 0.009207
0.958333 -0.004981
1.000000 -0.009042
1.041667 -0.007273
1.083333 -0.008486
1.125000 -0.009101
1.166667 0.000263
1.208333 0.004160
1.250000 0.001637
1.291667 0.000000
