0.000000 -0.012696
0.021127 -0.015383
0.042254 -0.015955
0.063380 -0.014498
0.084507 -0.006334
0.105634 -0.001473
0.126761 -0.003069
0.147887 -0.003636
0.169014 -0.001652
0.190141 -0.000863
0.211268 -0.000024
0.232394 0.000884
0.253521 0.000599
0.274648 0.001277
0.295775 0.001878
0.316901 0.000767
0.338028 0.000499
0.359155 0.000097
0.380282 0.000860
0.401408 0.000110
0.422535 0.000690
0.443662 0.001794
0.464789 0.002357
0.485915 0.003635
0.507042 0.003911
0.528169 0.004424
0.549296 0.004052
0.570423 0.004591
0.591549 0.007314
0.612676 0.014915
0.633803 0.025026
0.654930 0.019347
0.676056 0.008856
0.697183 0.002141
0.718310 -0.000037
0.739437 -0.001880
0.760563 -0.003680
0.781690 -0.004886
0.802817 -0.007293
0.823944 0.000000
