0.000000 -0.016941
0.021429 -0.019208
0.042857 -0.011025
0.064286 -0.000077
0.085714 0.001995
0.107143 -0.002514
0.128571 -0.004688
0.150000 -0.004823
0.171429 -0.004001
0.192857 -0.002539
0.214286 -0.001208
0.235714 -0.001921
0.257143 -0.003116
0.278571 -0.002129
0.300000 -0.000829
0.321429 -0.001147
0.342857 -0.001042
0.364286 -0.001591
0.385714 -0.000392
0.407143 0.000714
0.428571 0.000044
0.450000 0.001209
0.471429 0.001192
0.492857 0.001760
0.514286 0.001332
0.535714 0.002311
0.557143 0.003818
0.578571 0.003160
0.600000 0.006277
0.621429 0.020908
0.642857 0.034901
0.664286 0.025387
0.685714 0.008270
0.707143 0.000599
0.728571 -0.001377
0.750000 -0.004056
0.771429 -0.003327
0.792857 -0.004135
0.814286 -0.005266
0.835714 0.000000
