0.000000 -0.003236
0.024194 -0.005456
0.048387 -0.006690
0.072581 -0.009218
0.096774 -0.014419
0.120968 -0.016201
0.145161 -0.010447
0.169355 -0.006816
0.193548 -0.006221
0.217742 -0.004147
0.241935 -0.002079
0.266129 -0.001506
0.290323 -0.001334
0.314516 0.000374
0.338710 0.000931
0.362903 0.000685
0.387097 0.000943
0.411290 0.000566
0.435484 0.000180
0.459677 0.000390
0.483871 0.001153
0.508065 0.000790
0.532258 0.000940
0.556452 0.000776
0.580645 0.000562
0.604839 0.002224
0.629032 0.002757
0.653226 0.005492
0.677419 0.004870
0.701613 0.003506
0.725806 0.002214
0.750000 0.003984
0.774194 0.011468
0.798387 0.014866
0.822581 0.012871
0.846774 0.011563
0.870968 0.007468
0.895161 0.003417
0.919355 0.000469
0.943548 0.000000
