0.000000 -0.004213
0.024590 -0.007101
0.049180 -0.010839
0.073770 -0.014504
0.098361 -0.013375
0.122951 -0.007583
0.147541 -0.006534
0.172131 -0.006958
0.196721 -0.006488
0.221311 -0.004633
0.245902 -0.002585
0.270492 -0.002714
0.295082 -0.000257
0.319672 -0.001441
0.344262 -0.002202
0.368852 -0.000842
0.393443 -0.001552
0.418033 -0.001225
0.442623 -0.000861
0.467213 -0.000146
0.491803 0.000013
0.516393 -0.000778
0.540984 0.000872
0.565574 -0.000532
0.590164 0.000795
0.614754 0.001355
0.639344 0.004346
0.663934 0.006831
0.688525 0.006641
0.713115 0.004195
0.737705 0.003171
0.762295 0.007967
0.786885 0.017562
0.811475 0.019091
0.836066 0.013609
0.860656 0.008209
0.885246 0.005467
0.909836 0.001014
0.934426 0.000621
0.959016 0.000000
