0.000000 -0.012359
0.027273 -0.016773
0.054545 -0.018467
0.081818 -0.020857
0.109091 -0.015584
0.136364 -0.008024
0.163636 -0.003683
0.190909 -0.000377
0.218182 0.000867
0.245455 -0.000435
0.272727 -0.000972
0.300000 -0.000744
0.327273 -0.001126
0.354545 -0.000480
0.381818 0.000067
0.409091 0.000976
0.436364 0.001770
0.463636 0.002668
0.490909 0.003707
0.518182 0.002736
0.545455 0.002001
0.572727 0.002016
0.600000 0.001976
0.627273 0.001845
0.654545 0.001907
0.681818 0.001954
0.709091 0.002546
0.736364 0.004197
0.763636 0.005254
0.790909 0.003860
0.818182 0.002950
0.845455 0.006149
0.872727 0.015566
0.900000 0.024013
0.927273 0.022265
0.954545 0.011936
0.981818 0.001748
1.009091 -0.003300
1.036364 -0.006573
1.063636 0.000000
