0.000000 0.003337
0.025000 -0.003083
0.050000 -0.011222
0.075000 -0.015360
0.100000 -0.010061
0.125000 -0.002105
0.150000 0.000072
0.175000 -0.001594
0.200000 -0.003145
0.225000 -0.004833
0.250000 -0.006793
0.275000 -0.007639
0.300000 -0.007326
0.325000 -0.006862
0.350000 -0.005051
0.375000 -0.003243
0.400000 -0.002506
0.425000 -0.001244
0.450000 -0.000062
0.475000 0.000295
0.500000 0.001101
0.525000 0.002265
0.550000 0.003984
0.575000 0.004702
0.600000 0.004659
0.625000 0.004428
0.650000 0.002598
0.675000 0.000370
0.700000 -0.001136
0.725000 -0.001121
0.750000 0.000796
0.775000 0.006560
0.800000 0.017492
0.825000 0.026467
0.850000 0.020716
0.875000 0.004618
0.900000 -0.005665
0.925000 -0.005077
0.950000 -0.000748
0.975000 0.000000
