0.000000 -0.019334
0.019481 -0.023562
0.038961 -0.017774
0.058442 -0.013800
0.077922 -0.010742
0.097403 -0.009037
0.116883 -0.004872
0.136364 -0.000631
0.155844 0.001523
0.175325 0.003202
0.194805 0.002506
0.214286 0.000451
0.233766 0.000274
0.253247 -0.000100
0.272727 -0.000927
0.292208 -0.001310
0.311688 -0.002153
0.331169 -0.001521
0.350649 0.000383
0.370130 0.002952
0.389610 0.005145
0.409091 0.005489
0.428571 0.005166
0.448052 0.005843
0.467532 0.006785
0.487013 0.008373
0.506494 0.013071
0.525974 0.023271
0.545455 0.032365
0.564935 0.030309
0.584416 0.019622
0.603896 0.009706
0.623377 0.002616
0.642857 -0.002230
0.662338 -0.005644
0.681818 -0.008583
0.701299 -0.010045
0.720779 -0.012387
0.740260 -0.013843
0.759740 0.000000
