0.000000 -0.020121
0.018987 -0.027309
0.037975 -0.025282
0.056962 -0.017533
0.075949 -0.014367
0.094937 -0.011867
0.113924 -0.009436
0.132911 -0.007204
0.151899 -0.004624
0.170886 -0.002849
0.189873 -0.001629
0.208861 -0.000052
0.227848 0.000534
0.246835 -0.000221
0.265823 -0.001289
0.284810 -0.002695
0.303797 -0.004679
0.322785 -0.005067
0.341772 -0.003373
0.360759 -0.000752
0.379747 0.002159
0.398734 0.004412
0.417722 0.006547
0.436709 0.007735
0.455696 0.007519
0.474684 0.006282
0.493671 0.010760
0.512658 0.026727
0.531646 0.039445
0.550633 0.036079
0.569620 0.025834
0.588608 0.018081
0.607595 0.011646
0.626582 0.006734
0.645570 0.001726
0.664557 -0.004257
0.683544 -0.008269
0.702532 -0.010633
0.721519 -0.012745
0.740506 0.000000
