0.000000 0.002007
0.020833 0.002051
0.041667 0.003183
0.062500 0.004476
0.083333 0.013791
0.104167 0.021613
0.125000 0.018225
0.145833 0.007405
0.166667 -0.001381
0.187500 -0.003885
0.208333 -0.000917
0.229167 0.001037
0.250000 0.000142
0.270833 -0.000722
0.291667 -0.003631
0.312500 -0.006325
0.333333 -0.009045
0.354167 -0.010449
0.375000 -0.006999
0.395833 -0.003289
0.416667 -0.002391
0.437500 -0.002860
0.458333 -0.003783
0.479167 -0.003197
0.500000 -0.002017
0.520833 -0.001725
0.541667 -0.002316
0.562500 -0.000848
0.583333 -0.001780
0.604167 -0.002946
0.625000 -0.002599
0.645833 -0.002310
0.666667 -0.001524
0.687500 -0.001405
0.708333 -0.001700
0.729167 -0.001158
0.750000 -0.000902
0.770833 -0.000638
0.791667 0.001023
0.812500 0.000000
