0.000000 0.001146
0.035088 0.005073
0.070175 0.015745
0.105263 0.013652
0.140351 0.001607
0.175439 0.000847
0.210526 -0.000129
0.245614 -0.002994
0.280702 -0.006360
0.315789 -0.009693
0.350877 -0.011067
0.385965 -0.007296
0.421053 -0.003833
0.456140 -0.002729
0.491228 -0.002635
0.526316 -0.002392
0.561404 -0.003163
0.596491 -0.002572
0.631579 -0.001245
0.666667 -0.000466
0.701754 0.000076
0.736842 0.001430
0.771930 0.001254
0.807018 0.001519
0.842105 0.001822
0.877193 0.000895
0.912281 0.000688
0.947368 0.002496
0.982456 0.003975
1.017544 0.000000
