   0.0000000e+00  -3.3492572e+00
   1.5407407e-02  -2.5345031e+00
   3.3185185e-02  -1.0795851e+00
   4.6222222e-02   3.3653511e-01
   6.7555556e-02   1.5489668e+00
   8.7703704e-02   2.5965078e+00
   1.1733333e-01   3.2754695e+00
   1.3748148e-01   3.4500597e+00
   1.6000000e-01   3.5082564e+00
   1.7777778e-01   3.3142674e+00
   1.9792593e-01   2.9553876e+00
   2.1688889e-01   2.6256062e+00
   2.5125926e-01   2.1503329e+00
   2.9392593e-01   1.7429559e+00
   3.1407407e-01   1.2288848e+00
   3.3185185e-01   6.2751872e-01
   3.3896296e-01   1.9104331e-01
   3.5437037e-01  -8.0541388e-02
   3.5674074e-01  -1.7753592e-01
   3.7333333e-01  -1.9693483e-01
   3.9111111e-01  -2.9457600e-03
   4.2074074e-01   2.1044222e-01
   4.5748148e-01   3.7533293e-01
   4.9066667e-01   2.7833839e-01
   5.1437037e-01   9.4048776e-02
   5.4874074e-01  -3.4242663e-01
   6.0088889e-01  -9.6319166e-01
   6.4948148e-01  -1.3511698e+00
   7.3007407e-01  -1.4966616e+00
   7.9051852e-01  -1.6227545e+00
   8.4266667e-01  -1.8943392e+00
   8.9955556e-01  -2.0301316e+00
   9.3866667e-01  -2.1950223e+00
   9.8370370e-01  -2.3793119e+00
   1.0358519e+00  -2.4569075e+00
   1.0903704e+00  -2.7187928e+00
   1.1176296e+00  -2.9418802e+00
   1.1602963e+00  -3.0873720e+00
